0  0  0  0  0  0  0  0  0  0  0  0  0  0  0  0  0
0  0  0  0  0  0  0  0  0  0  0  0  0  0  0  0  0
0  5  4  5  6  0  0  0  0  0  0  0  0  0  0  0  0
0  0  0  0  4  4  4  4  0  0  0  0  0  0  0  0  0
0  0  0  0  0  0  0  5  5  6  6  0  0  0  0  0  0
0  0  0  0  0  0  0  0  0  0  7  7  8  0  0  0  0
0  0  0  0  0  0  0  0  0  0  0  0  9  9  0  0  0
0  0  0  0  0  0  0  0  0  0  0  0  0  9  0  0  0
0  0  0  0  0  0  0  0  0  0  0  0  0 10 10  0  0
0  0  0  0  0  0  0  0  0  0  0  0  0  0 11  0  0
0  0  0  0  0  0  0  0  0  0  0  0  0  0 11  0  0
0  0  0  0  0  0  0  0  0  0  0  0  0 10 11  0  0
0  0  0  0  0  0  0  0  0  0  0  0 10 10  0  0  0
0  0  0  0  0  0  0  0  0  0 10 10 10  0  0  0  0
0  0  0  0  0  0  0 10 10 10 10  0  0  0  0  0  0
0  0  0  0 10 10 10 10  0  0  0  0  0  0  0  0  0
0 12 11 10  0  0  0  0  0  0  0  0  0  0  0  0  0
0 12 11 10  0  0  0  0  0  0  0  0  0  0  0  0  0
0  0  0  0 10 10 10 10  0  0  0  0  0  0  0  0  0
0  0  0  0  0  0  0 10 10 10 10  0  0  0  0  0  0
0  0  0  0  0  0  0  0  0  0 10 10 10  0  0  0  0
0  0  0  0  0  0  0  0  0  0  0  0 10 10  0  0  0
0  0  0  0  0  0  0  0  0  0  0  0  0 10 10  0  0
0  0  0  0  0  0  0  0  0  0  0  0  0  0 10  0  0
0  0  0  0  0  0  0  0  0  0  0  0  0  0 10  0  0
0  0  0  0  0  0  0  0  0  0  0  0  0 10 10  0  0
0  0  0  0  0  0  0  0  0  0  0  0  9  9  0  0  0
0  0  0  0  0  0  0  0  0  0  7  7  8  0  0  0  0
0  0  0  0  0  0  0  4  5  5  6  0  0  0  0  0  0
0  0  0  5  5  4  4  4  4  0  0  0  0  0  0  0  0
0  0  5  5  5  5  0  0  0  0  0  0  0  0  0  0  0
0  5  6  0  0  0  0  0  0  0  0  0  0  0  0  0  0
0  0  0  0  0  0  0  0  0  0  0  0  0  0  0  0  0
0  0  0  0  0  0  0  0  0  0  0  0  0  0  0  0  0
0  0  0  0  0  0  0  0  0  0  0  0  0  0  0  0  0
0  0  0  0  0  0  0  0  0  0  0  0  0  0  0  0  0
0  0  0  0  0  0  0  0  0  0  0  0  0  0  0  0  0
